1
MONO
sdpn
n
usdcpn
pn
False
9
  8
17
  -1.21807   0.00344
 0.5, 2.5, 1.0,
  0
2
  5/2  1  +1   0.74000   0.00150
  1/2  1  +1   0.00000   0.00000
  8
18
 -5.46840   0.00366
 0.0, 4.0, 1.0,
  0
3
  0  1  +1   0.00000   0.00000
  2  1  +1   1.76600   0.01000
  4  1  +1   4.12400   0.00700
  8
20
-10.28704   0.03002
 0.0, 4.0, 1.0,
  0
2
  0  1  +1   0.00000   0.00000
  2  1  +1   1.62000   0.02000
  8
21
-10.96386   0.09838   
 0.5, 4.5, 1.0,
  0
1
  1/2  1  +1   0.00000   0.00000
  8
22
 -13.89019   0.23916
 0.0, 4.0, 1.0,
  0
1
  0  1  +1   0.00000   0.00000
  8
23
-13.86953   0.39900
 0.5, 4.5, 1.0,
  0
1
  1/2  1  +1   0.00000   0.00000
  8
24
-14.00019   0.24658
 0.0, 4.0, 1.0,
  0
1
  0  1  +1   0.00000   0.00000
