2
OBME
MONO
sdpn
n
usdbpn
pn
8
  8
17
-4.14
 0.5, 2.5, 1.0,
  0
2
  1/2  1  +1
  5/2  1  +1
  8
18
-12.19
 0.0, 4.0, 1.0,
  0
4
  0  1  +1
  2  1  +1
  4  1  +1
  3  1  +1
  8
19
-16.14
 0.5, 4.5, 1.0,
  0
7
  5/2  1  +1
  3/2  1  +1
  1/2  1  +1
  9/2  1  +1
  7/2  1  +1
  5/2  2  +1
  3/2  2  +1
  8
20
-23.75
 0.0, 4.0, 1.0,
  0
5
  0  1  +1
  2  1  +1
  4  1  +1
  2  2  +1
  0  2  +1
  8
22
-34.41
 0.0, 4.0, 1.0,
  0
1
  0  1  +1
  8
23
-37.15
 0.5, 4.5, 1.0,
  0
1
  1/2  1  +1
  8
24
-41.34
 0.0, 4.0, 1.0,
  0
1
  0  1  +1
  8
26
-40.26
 0.0, 4.0, 1.0,
  0
1
  0  1  +1
